143.3405472567417
767.3702618375626
42.14733317847307
208.29469526666196
487.05125774063544
266.66395886497185
825.7455397794189
594.4908684469914
937.3746296264384
484.8911814533516
822.840418006801
404.9353761751289
620.6908696886421
451.8438551682728
659.0141808546797
196.46286659904678
987.7831179379782
308.0566014032098
462.90493544160813
93.26470375294367
405.18446684525685
997.6553704235567
461.8071566408124
277.06255912696315
8.768716857945666
104.82184643073019
566.978581413031
103.35227888140346
774.2965205129507
579.5547840199768
547.062926965699
28.376369985484928
991.6064447740979
244.49546173625149
451.06120064762075
183.58400709015845
707.9166056169722
971.2632811740652
971.2422929769731
773.9326064322573
334.0134466535398
395.5495605068858
907.9665684072723
47.520762116830774
986.8365949443272
107.21644506694656
806.3414777541664
955.8977337693364
512.3721605371636
730.6723795976051
239.1608245143658
140.08046370902198
640.6502128478131
112.4704839452945
854.0954927871478
667.0791691721186
852.8445650586608
25.824036577340642
565.3428219673743
632.6694020913461
161.3186047380706
871.9450120410421
957.1562355832865
996.1011124349159
185.18743753210887
423.34326928330245
34.15879839456775
994.6266479969705
368.8527217764427
24.871993496980863
166.84629936962548
29.221921372830174
410.36017794991875
678.5481690316708
499.5470519650702
631.3040624033241
757.0946957312203
312.53882912468384
99.69725432831817
421.09977783635435
77.06520283325563
812.9563294797516
796.1291526535302
89.55339560382272
645.9484373753946
968.4723536102306
502.94675840086006
563.0249161028448
763.5131779248733
90.09713301917196
316.5488466782463
326.69664304713996
145.4599961496243
100.80449190713439
9.965249942067393
920.311733083364
146.09450638108692
460.68885154460855
106.92815817743916
292.35646077900253
257.30800987635945
196.77085495564125
643.1987615101444
41.969100888984286
73.03076415602382
477.26640856375883
546.7128489130998
25.781176974131448
490.3027911617596
291.39960632088685
687.3651004211924
147.51946681034116
937.9299566495125
304.6873680063755
777.6697542495048
315.1376291330968
497.61079459570124
950.4889148626974
139.5471471686739
40.7245326556777
116.67916604103254
310.27164290593487
371.5483347433977
430.6709006159998
473.5826145619075
413.35013117953326
805.6435410443464
182.9907572414381
661.2823385687637
131.9876328151973
358.9992873088692
279.641753989066
387.8605393320826
181.4642918814091
23.985354607663897
187.88185050322272
27.32810785242912
682.6593504510847
993.2123589317516
685.9400862646489
987.3599323627674
288.4777772767184
23.162679963449865
792.7551800002773
118.16588158917848
819.9459231521148
333.464798905727
9.459066463079349
193.43260671771995
408.35116843628356
481.9458486864342
715.476469028389
89.56469354145541
221.39171895509944
493.013799864669
208.0108639635104
519.6251601059093
890.8967548872018
404.32212569287
784.5950573305627
169.92292855883392
27.646341568907896
399.0428362541821
729.7957859529546
37.83496263545052
485.9092129840137
4.413242361381242
289.1526290037014
764.7694081464668
236.62898354956968
463.8404906348485
322.6882443433419
869.7371645451449
155.13335441985666
650.8655781131276
216.45777133722157
937.2168174150393
650.9950264275137
150.4859956867017
810.8547041334617
688.1613437186222
87.70641279159537
41.117675535315826
287.89396301431776
793.7405305596355
579.8688808931084
824.9777531862037
93.59529609389392
599.363703621465
266.75414065880284
218.01613613057023
478.3199991320804
888.1098188553632
215.54996228735453
654.8873462167373
408.44056378158035
175.12854692222254
90.64299657768129
397.98738881454705
485.3942351313438
901.6563919989987
334.58395773560574
327.33477616151026
11.369782478242634
648.9718242182382
558.991471951235
171.49292298833902
381.4814728970302
145.25896749937473
100.43448842156086
763.7023556450367
309.4942781442285
652.5702813805805
863.8862848544541
471.8626868379
299.9666244813259
843.1279274015988
209.9026399635033
440.93652469579126
855.4022745793923
948.0521987584959
825.0163459280237
763.6214315489167
433.6386183578358
198.03005463946164
744.4394747536393
725.5342009986451
263.0414475928001
834.7409710961488
36.86820458848403
993.7394363134467
219.751711134584
619.086720944263
888.9141829510642
683.0168493150877
964.0048786743309
92.92270440881465
425.0762415884787
480.0561390720008
996.4318585796831
356.0882029173631
783.308347871698
212.14308805186087
786.2054844400958
407.71688553636096
444.54822809451315
537.5860431888891
387.38551820513646
574.3539786669933
222.62334887332904
74.89504554387835
113.19700124605015
285.6286383589487
12.763514592097692
54.689727504643955
244.97513426128478
615.0034538710748
878.7683527821796
797.2289749239558
30.71477887907493
886.2167278980738
822.3573599999281
125.56953594648579
328.6567466455598
943.9956777815397
277.99295267725995
185.63994482202193
208.85229796475775
179.82768229287265
789.8785802989765
920.8328760045216
853.8049739511399
691.1930167672691
873.3232543589681
517.1957739313948
38.267955738330585
286.72841609281267
933.9313481329498
114.67491764518499
684.7484504354309
182.72589413553598
145.0093650160709
161.7820814550394
499.2935156685323
631.7594979517721
697.1726181001294
160.94410624903063
307.62750657151935
120.21239971903215
719.2611412549504
584.7762351370026
950.3722643474993
496.23192192200315
849.8938607212054
274.98400566712763
507.07081809939103
343.3278929445798
244.60788657119195
576.4238768217955
875.32998075424
954.0414258755261
369.3712136984436
313.85197909424846
161.5987515486033
535.064021093024
524.4485528620727
280.72625682227374
476.4562996779508
378.2391633187797
709.8220146197754
8.730083342708392
454.73508531351087
954.9615924325545
697.7941744174597
613.239182910322
719.2836656298631
828.9703254110652
588.6922126595915
222.20517089083165
177.77362957195706
151.13600127848878
978.6093557801114
792.0288742522814
118.51478043530352
447.3947076022997
898.1469677203413
852.5901481406088
228.31140000453175
607.6415772253653
198.5202929283617
840.5548452548329
698.3719847689143
820.8943632643632
199.63614247434455
899.709367879538
928.9756951591833
684.7923789029144
864.0851524448422
466.39749392331595
573.9074817170523
615.5678009827417
770.3523366740748
95.93367621236179
459.36385831501616
564.5828547734391
43.8751873176721
7.688876860701132
398.97626869498436
396.22124990750797
15.915898993572563
385.1922612846938
116.56059738643357
724.549974052351
389.9888784237654
393.4143013402037
575.6296543871697
958.543980658547
682.1398200784299
239.18921203471385
74.34638448067459
257.56067880561994
315.87603944322274
727.8874461905956
325.0959346189333
129.14116375600966
903.9268055230697
602.6549737042425
521.3412976372832
901.8530883257413
593.4310624232056
633.2165608252607
936.5860340202336
729.5550770048258
770.2435532094007
207.75593590091702
324.65922512457144
940.3169718598236
905.6737181310307
174.4599906542641
78.72479981236631
95.66322385061571
146.29792753894048
353.96439052666324
117.36741370385033
322.1882972490738
59.42645327927998
452.5837057282855
730.483247039213
933.7432450421147
141.07354413483358
647.2260503850524
734.6924100542388
546.5121274570687
171.85012264009447
958.6234704094833
280.8174913077557
448.535654690609
490.6219785271412
712.848833146111
630.6955821043617
32.72998931663267
876.4034193368769
15.291994292175271
6.533833682731719
843.3877165261227
537.5500613561142
746.9043328277239
313.2908115486974
527.8544944436544
586.493435881745
158.08714865847037
324.6116348157349
68.27986243688534
484.0843145829677
864.4210951441563
148.67709365420913
321.0912238910475
298.881878893706
727.7160358399423
510.0903757137153
53.23548175355267
516.5715989533209
978.2772218899048
478.86269056326
434.6326457164836
877.425000445149
322.38711736593774
118.06292134737237
471.9677603664129
640.2758647722674
961.2744228955877
901.0842943813764
480.07580295524673
986.9340157770658
316.6488856816942
706.8491640874756
106.25635854573378
306.98104244276567
37.47660701896886
946.2560593508913
67.64402696492657
854.1198318803552
301.2249569801479
972.8702805005532
135.99204230533138
56.41246711272596
710.5048879136754
494.85346074745456
421.7460587516623
550.1027145689203
893.5389934700463
894.3933898688759
494.2598198917056
38.95322857308432
121.64319176656566
564.9757621221407
776.5693402549215
522.6587125941302
615.4042411442537
585.2366055528372
544.1919439540859
931.7830929020255
742.5024803711868
15.840678436967206
98.97595917799362
546.049486108521
544.6619142090859
67.2114917146747
223.2473085567107
916.3013422170018
162.60605564053222
377.075882563656
446.63313754854465
552.1314604682972
574.5265709088377
935.9854654563085
322.1483022517067
228.0807282439174
926.6004384639045
255.90747155306224
947.1182480048933
374.17898800315174
502.9937266193961
865.3877781115757
228.5781178554374
937.7901643547526
557.2445912195574
868.0758742044164
643.7176949717733
470.3691988428346
708.1019281817531
59.505278569233425
973.5698308456014
832.9125127763206
951.1975917499269
922.7221865115507
662.4602798371857
395.9944185959216
659.3119656727495
972.3328683523079
479.12934255950046
933.6282577127894
527.8334260617988
448.2865025750245
932.6047467933162
179.23904838989256
912.5261079935726
982.9663223092282
404.44189612727627
447.7716959776818
661.590216666868
690.7239929821685
303.107139301583
265.6507704658934
580.5906803946134
186.60951596757
118.02777848540286
119.6320782277871
21.710597568634654
658.2890410817929
131.94324963550696
918.0107945296243
539.5330168525601
423.7308803472929
656.6114014044907
432.17945851637353
833.1432904279873
204.97578820123806
533.8901047888262
224.27935289553372
153.97285256332415
777.4395119051808
449.63648934418444
155.0306904034012
166.44741359343132
941.2903208818974
489.7619215312118
684.9655432994936
388.3356219294451
816.7855223285649
890.1709540076163
216.2015135502884
412.24802912485666
28.067298685091874
759.6451170589999
160.48112079107955
857.2827795193385
727.999043163255
624.6070673315969
612.0924776685818
48.358093947228795
798.2390974667651
820.0580634113256
614.8013487991573
923.7714485273156
43.42365276713845
789.0951734791927
284.0546778336752
897.0772514216951
582.2786757588161
789.2336410854203
833.3214192933576
714.5467834223388
550.4262898256776
850.1677393205481
952.109946703574
179.11753610521782
414.829588516815
28.171655096911007
361.1614974941129
69.7297893288016
828.8782966338222
24.133739866504012
402.19030383803977
466.1341849047619
121.46272107992178
796.136636725718
71.84277632421932
690.3727061703045
358.4681414594301
378.44564130939335
975.9757163664011
183.37275376688382
539.3950912678708
20.111220915331792
166.35481463031493
743.0399923468663
651.4065767714452
763.9672917008108
822.1412504501056
113.41746325284882
631.7330697197409
549.6008796092159
436.7279852654925
896.43802728184
569.9198082197815
927.3950087009574
54.075838223321156
57.14473609300534
425.24363694782613
908.1653604932483
858.0188301964674
781.1802235817318
889.3589613941105
948.6557744242928
221.50267752390064
6.853823253249167
241.07244368369655
690.9054798311051
693.7818005030479
815.5588102025093
152.3880385702144
18.306582951274432
549.5200837055957
320.80906505232934
703.437156820144
87.31110031558647
640.9609014084049
368.43107299125023
389.6974998148719
302.96184164360636
786.2923508163352
895.2505288377604
348.99473792390484
689.2649714075961
613.1953810703782
35.79670275882944
670.0482562898414
27.95589049594048
454.3941143836643
240.51592904155535
882.021808186343
61.82267826555842
500.61013359175234
31.792194653216534
561.6852180889153
295.00973383324373
638.4035465580268
817.1853860401825
169.7156475184722
331.2008881165856
478.19298014143993
64.10132120214895
740.7259145949283
339.9202019473679
964.986185147107
720.7581321588216
231.63929589643772
311.3660933505336
983.0279392555072
18.675022034371754
587.87015269707
68.54274678188199
424.05212946785485
312.07306442957446
988.7567813389329
98.34090223973334
682.2096146345192
493.7134853042136
588.2793953546045
98.391761792163
295.59228316947934
402.0981765858989
878.6370623418886
964.28055774339
881.9049739809916
488.8559115473857
40.76175993814019
343.61362449576086
467.76347001411165
677.2537498545713
166.6802557452771
129.09599115607634
8.427583345357679
269.63483169719086
92.61855644495907
598.2779747879762
950.552123130192
881.8547313606904
510.5683140075382
304.3780789648612
170.39064114761456
298.38477135010044
874.4689402023802
988.1172259331985
967.3216615898249
373.6252087695689
955.1193021168091
792.2160470016745
760.9127647578184
783.1296106732545
289.00421021119917
518.2785685688042
987.3537124493967
920.1075880043347
317.40300384683616
223.4723952267552
293.96772860114703
327.04013748551716
888.1245749398523
777.4817009029895
151.44498398245506
866.6344992379643
140.48018110166606
971.035248762139
137.39769264359185
241.51994503419493
542.8152787677084
821.4019641683819
741.5043330131417
811.7094982823643
517.5066268779408
299.03315997332805
980.6670218219949
593.0211188219181
248.85803952505364
662.8505882953777
809.724241873282
202.7562048846002
800.3576276424575
650.9820339992824
961.4074967686023
705.4241375364371
937.0521957988414
325.77890049599006
700.0502920370675
940.8445356938579
835.5968874362824
301.2868141306386
991.1630294152801
109.23294535692756
422.15598604797515
507.537867005287
169.30872647736996
325.2950904141292
317.97285475050734
402.8792382598967
222.6853150659245
436.0947824414973
661.019782955067
638.8288466893669
901.8624740828448
130.73408391193698
643.1171579801027
809.6161036777901
639.7474021198827
789.6750057196035
771.984569923185
826.4270621996706
893.6603712091902
419.0646912776261
675.7033203771613
279.5192589993218
988.908984653651
325.94685433567037
361.3428962664406
70.3277013706315
626.1037240321584
58.04534876659954
504.6761382040332
951.518496113235
523.2305072607156
113.37320433886399
172.24725304673106
501.9916781714029
302.265096392123
953.3755176500308
473.72275090131086
60.5061561796059
473.9492838565342
837.062870290591
392.4918659995052
802.4813156222923
181.7132033315049
684.8055979749137
304.918320824052
903.2135537075301
781.5381352474806
739.1360853999657
973.1841396835466
144.63083448093977
81.26073904225639
988.813534440564
206.25053836049076
914.1968418080808
630.6944658494396
805.4379412367678
872.6335673410485
859.1878203626519
624.9353715034351
912.4312977649656
420.40635361680404
813.0678804624497
585.2611194806179
666.7796168953058
965.6701947687021
749.4628184011721
434.21616436778993
271.4551774938809
641.6102686070385
571.4037012301986
392.3826954040646
792.8725452452438
840.1096125483318
74.66589171285864
560.0309811471533
909.2977995772433
540.6433700424678
654.547225393885
156.25114416279723
64.84156713692502
92.28615237941624
339.6220248695577
129.9276630385269
957.7603586820435
951.3558207790876
24.20272684557779
484.09737983402067
558.4989835130415
994.6385002138157
258.2430371523361
147.40662273105733
584.183437437532
639.8871198717089
217.93702267098803
598.1862990984577
674.8152744751195
250.23697900775738
171.0381593513432
605.5390530003177
408.05934141478457
170.88603839730493
684.8990387863475
717.0354006727433
410.63737661385113
46.75819985411783
412.0281303232479
37.79219732451768
864.6160929179835
436.2224225882738
725.334439854547
201.03951696973303
446.54902338256585
785.6314166859836
282.00497043576905
130.96790265174496
848.3092846454018
601.027467064113
151.44428515294308
650.894516178038
671.735925219659
853.2108136324308
706.3908681867387
462.6360847602816
554.7908681681673
707.7172372886724
266.0347389920975
616.6819438705768
596.3259064682181
222.66748768089505
83.18092056392766
372.96214212625887
838.4352206396629
652.3516568758973
162.1022525064164
522.6273831492477
538.6174821453246
507.8967635414047
120.31083305273438
41.23256680777295
4.670984868626952
354.5744800223387
736.546574923481
52.78977653052624
351.01605866867
565.8760839999961
730.6992017248283
434.99970606881135
341.9998902147078
599.0382666107505
936.4937306041534
418.7818603035488
675.2626643989245
174.97759715221252
811.801485881518
148.4780394702392
966.0627783654555
160.9032996770112
978.5012454053834
938.4076977388451
364.66509097159513
635.1598703496014
137.2953408620464
811.9313853486668
915.9554236383374
946.6746449661646
927.4711609661762
227.98719446915572
229.30631950505074
373.39178036214247
6.160494063246452
943.5633188555377
27.603756462166665
692.4312177552584
369.663025819729
848.7120648418256
895.8557216081564
368.9467569534384
120.0101583410967
723.0879926278504
167.14131140056796
441.62172775107626
578.6931919528397
501.54437972745245
559.8438403217004
660.0097330757725
166.0624984886094
554.5926750439172
88.49650629940488
785.0990207257441
53.97920345732641
313.64065040370934
252.92724693002788
774.3520520769981
217.68431992962232
538.4705369966623
949.5538416517039
783.5011694355804
998.6142345993791
657.9761014242185
103.03542841501769
739.4783611521013
114.97789243628465
735.7148735241209
413.26394379456735
362.4457222535571
987.3582104127562
102.64624780121395
901.7166697896612
639.6098441419127
499.20043880401744
268.71628850855035
472.31084405976264
942.5240807336723
380.0796745969028
521.1194325909415
131.90577488382448
620.2027386631405
340.8574508413601
299.73280563441534
768.6483949455741
919.5555744902869
306.82616975681947
162.98585625987033
457.1795101815504
558.0448704757048
443.7630314079296
171.55572787876977
782.5523443972099
988.5007600940469
189.91148245489345
850.5457681911942
705.7371969926928
389.3214439796281
365.3544671684021
203.8558914601778
226.54513179551114
723.2800976163587
454.6546009958304
913.4959203253401
633.6713951220806
182.72687327731515
968.4143000925527
637.9882163192569
90.71864920773282
80.58359548673577
453.8843667969607
588.1751894359845
957.1818180805705
14.754947090071438
477.36028851141924
831.4814565101993
184.883002537726
708.7118803311541
80.88045539313786
867.8933194738108
178.04958168548416
584.3753163706169
378.3440079257976
99.41939647574557
7.1523561175489485
487.06845196981874
290.95917545328973
406.3980684485996
786.9322969425257
751.0523035964918
628.3013868767282
540.3062413646401
8.4547186291645
355.9303000962429
